300.2970510712148
299.88137739575524
300.316677885571
298.8832600712443
300.4458426117305
299.7918447182338
299.9089206077397
299.6603488459971
299.56599410284093
299.60907574150025
300.13613618938734
300.627017426664
299.99527996308086
300.78760179126294
299.9308570509228
299.94529136450535
300.81628046281077
299.39762807408226
299.71960908030155
299.35949135189514
299.73922378714184
299.8781993432494
299.5702442360171
300.1861859755311
299.7097489727859
299.001108725977
300.24390682743325
299.614405951173
298.5489662027026
300.11479174383726
299.62990249427156
300.1187915774521
300.4594984847911
300.0297325751113
300.28045438029307
300.02374579952817
300.1901159162925
300.0124791719986
300.1177438973008
299.7593458983878
299.93702459751
300.2613279126633
301.17352401055007
299.579453786409
300.0576931136363
300.0360413312861
299.9371783548291
300.93306191505866
300.0137414647742
300.07590209368004
300.18758239888007
300.3567257114384
300.26668149203607
299.76892174014705
300.0120209493581
299.3497589529373
299.68845092219954
300.08492872993065
299.17381949476885
300.1707761957933
300.14484159165596
300.1990664917163
300.2456815966962
299.71513623009923
300.0903897933306
299.86686616766497
300.5365103110347
299.3742405187464
299.8312255322786
300.5027179037395
300.0604475939554
299.6491343942709
299.3893392062478
299.55200649488546
299.6772061461403
300.2119338870259
299.82526144338004
299.8781300736078
299.76557679698385
300.2507613149803
299.9661464792312
300.59611772213947
300.8455805608551
300.29629747278744
299.8840161476878
299.89012949231574
299.9575769790474
300.3294217574202
299.970274683768
300.16504938330525
300.0933188032919
299.86747883353553
300.7062756807473
299.373179178609
299.68728805552837
300.08910575505416
299.66195791177586
299.52035643354463
299.3722565470072
299.9434655648315