299.692229921984
300.6402612694672
300.3670909627179
300.37388713650876
299.50822262744475
299.7377944816396
299.30784066232
299.63490848025054
301.1474915143068
300.592326959053
300.0078007027586
299.2740034449848
299.37578338866507
300.12745891108483
300.3529645438414
300.4454078224765
300.0730183068716
300.11177222374374
300.2416581994329
299.6792493681751
300.72872995169837
299.76787626615
299.7812691066275
299.86238753892826
299.66012091662554
300.2212576437319
300.12806308686703
299.665282615256
300.53258756285436
301.3808431198327
300.11605370317704
299.7629823587965
299.7194540236214
299.5671268487383
300.099803827105
300.27290568623124
299.7334384982694
300.24856151105826
299.537159641407
299.90491830534626
301.24837094932104
299.9238051343514
299.14437726602074
300.0309006919928
300.16783447335484
300.32571735452115
299.8030385595172
299.7433811889759
300.1630973474708
299.931422317761
299.0740309777137
300.23937425964203
300.12995446272174
299.3781216316655
300.32638596947595
299.8044998950733
299.76443282109705
299.12046640213845
299.943372715936
300.8439431318016
299.87514410778397
300.65103002974234
300.195292744242
299.5346259677782
299.76851709193846
301.4776299517921
300.44380057371836
300.44942073404064
301.00022578463125
299.57099507222614
299.8601128427482
299.93942151264196
300.8926379381754
299.3418578406901
300.6415240331362
300.05419759448733
300.67548555575
299.0679005413143
300.7732600714044
300.3412812904666
300.27307804760073
300.2189956047204
300.56722253092016
299.4985253751073
300.28115165144527
300.81541761107496
299.74312527203074
300.3094261786561
299.5670010265176
299.22719316705883
299.9533376577145
299.46695105690657
300.22224013478257
299.8788425751771
299.19619359069515
300.00993945801025
300.6591344529817
299.7901064020116
300.63101553953106
299.83933752187255