299.6123295080687
299.5428654180429
299.9651318984352
299.8240583313998
300.85177503618314
299.5565439945578
300.03421566757237
299.99698021583487
299.77591003367445
300.1311160434127
300.03069564746045
300.5003772745345
299.6451006464446
300.28226410034745
299.3523115185435
300.4881218158569
300.2884368699277
299.7833046312379
299.19734550566614
299.98790692457203
299.9806548084305
300.60166427852573
299.69599866425176
299.62083310723193
299.7655543061351
300.2089317436623
300.43847019185387
299.8615658992616
300.491329197125
299.58645765476297
299.8001156117295
300.10482330714524
299.7458772554631
300.5802250188386
301.0909719431927
299.524856806668
299.8278710813865
298.57473948891175
300.9820316704202
299.8141532872562
299.97487374354773
300.03681404862084
300.0839125564505
300.2831896438901
299.93229614290874
298.57584003031013
299.6362636607282
299.8687383801389
299.728159075446
299.9950174425448
300.34788111512944
299.87069878272945
299.8391360058453
300.2233067835844
299.54992654908017
300.28053657233613
300.95537332452056
300.3962496920185
300.4958434628346
301.3434317436363
299.5614656635526
300.29798572552846
299.7584469259162
299.7770088389923
300.36906700626713
300.2007455633746
299.9662803700586
299.74604332461905
300.50714735733754
299.54766972962307
299.9961792479456
300.44866225132637
299.71435898255373
300.32726745671005
299.404262975027
299.8309588072736
300.3992517491925
300.22403887490754
299.386235363932
300.4749005621522
300.4187699763137
300.6468040636138
299.3247820355434
299.96663168035667
300.40744846379107
301.1137673175635
300.20911772927116
299.4995371009635
299.06491677379046
299.78397718524576
300.0470352169065
299.19423988489507
300.1360521632742
299.3597582904397
299.9457374564094
299.93905194654303
298.8133351936522
300.1438059584029
299.8687473908076
300.2162033843657