299.8106200051212
300.16445922870685
299.90904065493726
300.33243992605196
301.0035461669743
299.8789791431058
300.212178641359
299.7919367321993
299.4758072205273
300.0008604230413
300.0678982862
300.1380924446357
299.468885709042
301.126011051363
300.3981616683108
299.5001814554208
299.8875802588743
299.7977580943477
300.8223809593196
299.73726290518476
300.36855779719633
300.7695370990119
299.47635756743006
300.91052295028555
299.08270151369805
299.88866571927514
299.60557578022514
300.16726027612043
299.38038131045846
299.78811073279974
300.36255529336177
298.6271470439726
299.77923249249653
300.6278966776589
300.40877671015966
300.39383783894937
299.70820572500133
300.6668599554086
300.26508811737625
301.09775738197004
300.3846230638094
300.3049638985124
299.79557429425563
299.792830131473
300.3749514956398
299.9725198522
300.0130564423395
300.01372915261453
299.6721725711564
299.65148293372175
299.6173560503106
300.6562449992375
299.67338961544334
300.3677396640226
300.1398398088513
299.8005300102484
299.89795865128855