300.2436958956301
299.64678455581225
300.0882635770257
299.6441120519518
300.36873086791536
300.4218149074112
301.0055229816251
299.51579161422825
300.2984734884514
299.12530857614496
299.51583964999844
299.86153785730994
299.8694928632249
299.3660943562559
299.76169488353565
300.4428009221443
299.86682764783706
301.2093588290083
299.3516381980296
299.95807904611206
298.9532646624244
300.3596510546217
300.02599817147524
299.6858736831446
299.92503073301225
299.34543168275115
300.64148409030054
300.384370281063
300.8284822483171
298.8752955950909
299.49601598307595
299.7518771870141
299.84572999250645
299.6041587256418
299.61220675398005
299.5299389140925
300.2057459989911
300.1005753627749
299.9228269932498
299.26719292026604
298.6718718864987
299.9801714110753
299.80408576870184
300.8293453353457
299.7962492101276
300.41450611941985
299.5782209065336
300.74784544121184
299.8590792095432
299.57108695936785
300.44125886495334
300.0833272035813
299.69346859609766
300.0607842520231
300.01292573382517
300.1356379157318
300.69301107824646
301.24047975239915
300.13322889729193
300.4996948122034
299.63530587985525
300.20026499475154
299.8067406196485
299.7538600335468
299.205978110858
299.7291645211373
300.45951176851503
299.93716097676395
299.72794863773225
300.1392111351425
300.0404109607441
300.6665609629572
300.2124664270848
300.10736657252545
299.87995480056605
300.65904163551136
300.72357661168536
299.90523588484064
300.28768644694026
299.9973021084014
299.81789311188214
299.91000616321764
300.3840083422343
300.20061340255876
299.5078804537108
300.72361157004985
299.8690343394313
299.5288937553761
299.69051131044506
300.45871928234715
299.6299490012469
300.59718094192567
300.0550909754056
299.4583964319166
299.3063533860897
299.9574892979733
299.7851235561031
300.5595986235442
299.931332981953
299.57933751351044